60
501
858
-645
370
-321
775
901
522
352
708
981
857
971
404
-707
-265
-178
-769
-549
-884
-558
216
-20
166
12
168
783
497
-757
-146
788
-612
-497
544
-183
-784
421
986
-53
-820
189
-410
381
-571
855
158
493
-993
605
-104
867
817
-543
698
-433
778
838
-485
631
407
831
-442
-795
210
-917
-986
-484
-8
-830
74
-687
-265
526
-765
452
-634
-844
-505
-235
897
209
-513
-138
-403
-230
438
378
784
867
-900
212
333
-730
821
195
773
-420
820
-541
986
-575
-288
-89
-890
-690
385
-641
196
-635
-188
146
748
234
-710
967
175
-225
187
-626
819
-149
619
147
-855
342
-955
467
-393
900
-209
410
104
938
728
-753
-175
413
-267
981
144
158
381
779
58
9
7
446
868
-387
-267
739
38
-180
335
-487
585
-281
930
835
-675
525
452
167
-140
756
319
-131
-217
-783
-734
379
-911
767
-601
-414
-578
36
-593
98
908
-337
294
-205
-868
88
146
721
912
331
-855
-192
117
-792
44
923
-795
586
461
701
79
999
997
60
-867
273
-2
34
150
199
169
-355
-604
-18
-736
567
-637
-752
-855
-512
342
983
-612
576
471
457
679
733
-28
126
236
912
-544
40
-768
495
749
184
-699
379
-113
-253
-135
134
-659
-789
-448
-512
-378
-9
-576
194
-741
741
867
-441
-627
-179
-696
964
355
-176
-97
877
-674
619
397
-648
-531
333
-39
650
716
-96
36
-760
-946
476
-452
495
-955
810
-158
865
456
-198
-622
-916
-697
564
121
-230
-330
-988
917
566
-376
165
394
-25
-68
-534
-492
950
-986
27
-289
895
-571
-482
-174
240
-571
839
43
899
889
-696
-1
-119
395
-400
-666
-256
-98
138
405
423
-676
-86
-669
700
380
830
-868
-655
-244
-705
908
-588
-436
51
590
-61
-327
-104
-179
897
-970
-380
-353
-211
239
200
-337
-894
458
-18
-345
595
576
291
-111
862
-95
-497
-517
256
-508
390
-626
-329
193
275
874
144
904
-687
-790
256
-662
895
-27
-949
-759
-894
-484
66
-492
-612
422
-45
-839
-508
452
-788
687
356
451
-559
280
830
200
639
-771
-334
-847
594
596
-579
-321
367
953
-797
-456
-631
137
995
-370
419
-562
-89
-647
-367
-849
-286
786
-336
-701
-851
-777
-598
351
829
782
-176
-728
826
339
93
-551
484
84
5
-577
-215
-761
-768
821
232
-305
-206
-934
371
168
-160
-520
734
557
926
-338
151
630
526
825
-962
788
-450
53
945
968
-282
162
-606
219
830
335
585
915
-838
-711
841
-450
-141
996
-543
119
964
289
-239
-459
-905
-338
348
-989
-471
369
854
-80
42
894
-565
631
-530
383
-811
-624
-453
-371
443
381
-295
896
179
766
-28
-887
-952
408
537
-985
-902
-91
822
554
-350
775
234
352
-539
866
586
-899
-787
-660
-427
-853
-939
671
-248
-581
420
-76
958
-206
14
887
-344
-966
601
339
-430
-240
851
945
-744
825
918
210
-921
568
-294
-11
780
699
-356
-320
-580
-507
14
829
873
-159
-741
-288
208
992
-997
-354
-869
569
-31
638
-202
895
-674
-85
649
-250
69
610
-478
-815
-227
154
501
-993
106
624
-429
208
-410
-965
550
224
-354
704
-446
-155
-361
22
-642
-75
-365
-119
524
257
-715
-678
-593
-724
473
698
-14
-915
-118
-583
-576
-87
-208
566
-449
-944
759
890
-913
958
-742
-433
837
-384
-987
37
277
-799
440
255
477
-525
49
-513
455
337
-884
-731
430
-631
849
317
-360
-116
-81
473
-434
531
191
-911
-379
962
-712
655
838
-100
-952
-300
-169
647
-388
-508
-234
-660
227
-124
-186
541
-381
831
-527
-26
503
953
-763
271
-10
610
-341
-100
542
-180
16
6
711
911
359
127
592
959
-146
-835
330
850
441
964
-181
409
-916
593
-345
562
-867
294
128
-781
-9
215
159
730
334
837
-773
995
-616
-57
99
942
304
612
585
831
552
474
-148
444
-592
-319
-351
-585
269
322
212
-954
998
-734
-960
-591
-768
196
-458
-192
628
644
-242
171
175
680
-829
613
-146
17
287
-705
-391
387
-98
777
-870
767
-98
-421
-839
-891
174
987
662
-520
945
196
-702
-609
-493
624
-893
441
837
-454
91
-981
-691
-470
362
-271
-457
-618
74
451
-242
247
980
-583
-258
-502
717
-628
-543
-675
811
747
579
916
-867
-628
978
191
245
414
915
542
-342
612
501
48
-444
402
250
-288
-835
-136
-211
-196
-174
-259
628
243
-941
738
608
518
225
375
-795
811
-76
126
-464
-176
262
373
-902
321
612
-436
-738
578
-282
17
790
709
-31
490
-96
96
909
-175
768
-489
-817
208
-612
34
-215
-522
-515
-592
-244
726
9
-922
408
-425
528
-818
-788
924
-170
281
516
-208
716
-707
-673
383
-121
359
-828
415
321
-542
-917
-395
60
548
-167
-46
264
720
531
265
386
411
85
-428
-593
-732
-753
585
920
-8
-412
295
982
-936
231
277
597
-444
-355
-61
-545
-161
478
845
197
867
-861
-919
280
563
994
-656
-333
482
-428
332
986
831
23
729
-825
-527
23
897
261
-46
-497
-600
-426
381
626
21
-719
-144
204
-1000
-705
-46
710
-676
246
824
-399
-817
-161
486
-820
-952
-471
509
912
474
508
-210
707
379
418
960
-533
616
-756
895
-390
357
-239
-244
571
951
-494
530
614
753
21
-545
-992
834
-494
-731
-647
549
-77
-278
92
259
468
-14
279
-254
-18
-78
125
638
-140
-465
169
408
-286
653
625
902
-115
767
-926
-336
-26
110
-957
-327
-951
349
-832
430
381
-178
784
-817
-947
-4
860
658
409
-391
291
191
-532
968
-161
-262
415
518
-934
409
894
-609
-669
41
-189
29
-7
-649
469
227
-607
5
-654
-809
-170
-764
-184
985
-152
610
-408
790
268
527
-888
486
864
217
-294
92
59
521
866
829
-723
121
344
-331
885
305
-117
793
661
-549
-552
467
-773
-516
-437
-326
766
-200
-859
11
674
499
152
367
853
236
-201
-184
855
216
-428
-721
844
-817
420
-606
-39
109
-857
242
-881
32
-374
944
662
-186
-203
258
969
92
-271
-764
275
66
315
714
955
-323
-889
-858
679
-158
-991
1
266
62
187
942
855
-67
378
-141
-406
74
-304
399
-826
-5
31
-216
784
-222
-183
116
81
613
871
655
-938
457
913
756
381
687
-503
-512
-555
573
794
454
-780
-817
-845
637
-907
-530
225
135
-523
-431
-412
386
196
251
-231
-11
-870
961
-356
-822
494
-712
107
-907
33
-789
489
-663
666
-841
242
-618
917
209
-918
-895
-921
-696
-640
-485
828
-65
629
353
783
-114
-491
-760
-50
135
-1
-219
-442
540
-959
373
-631
861
583
852
-801
-354
591
-871
866
433
-229
-899
137
-673
-679
847
-142
255
-251
904
-13
51
888
-533
-346
-315
360
-102
650
-245
864
-155
-276
-672
813
-6
533
0
-328
487
270
106
-308
851
-292
-477
749
-326
-996
-254
-84
37
-203
732
-406
648
130
341
-67
-777
-485
34
500
-250
-397
-763
485
583
372
-571
566
507
-730
-720
514
-986
977
415
591
780
-630
-395
681
-697
-918
743
-79
454
607
16
-598
840
-940
24
-480
6
258
-442
66
747
302
-89
510
257
-132
228
-27
-691
632
659
-79
-194
-135
-196
-371
-595
-740
-24
744
-55
-774
-387
-273
473
854
-735
323
540
325
362
-166
502
-305
331
955
581
23
608
-682
-220
-590
377
418
-268
-625
591
991
-99
599
-984
377
162
-892
401
986
414
-711
-281
653
622
-502
41
-327
812
848
-731
784
259
-850
-187
-881
891
189
-131
945
542
-524
396
203
600
214
-645
-562
898
-885
-480
464
-198
-564
676
217
-112
844
-32
-629
715
-176
696
148
777
-544
-534
620
138
936
-880
-112
17
-804
-175
91
895
-374
-314
54
41
889
478
155
-699
661
218
131
-670
444
-300
-289
111
328
-923
-388
451
-539
-239
216
585
-793
163
650
716
159
95
698
-208
-541
-130
-45
508
77
-128
411
-468
124
742
510
646
-259
199
526
954
-71
558
151
531
742
761
-148
-190
-270
-965
646
866
540
-507
-808
309
-79
-227
-411
-887
710
-353
630
113
-284
-610
154
822
-400
-1
310
-322
-969
730
-379
-469
97
895
699
919
-491
286
897
-450
458
-731
30
-187
932
926
119
-859
362
253
-777
97
773
-777
901
-514
874
26
190
238
-255
547
-413
57
-759
-297
899
738
-439
-924
-238
-69
936
117
832
-675
648
-349
641
-53
-733
-252
975
127
833
7
-858
-575
834
498
896
-247
255
780
912
714
-436
635
229
160
-944
932
-344
475
60
461
-910
386
969
-276
-886
40
866
-530
-529
-863
880
448
782
-667
-190
-885
800
-874
484
-891
-822
-974
-186
919
-216
-833
-621
559
660
-557
-353
-275
-328
-915
-642
512
664
-364
-647
-442
529
88
853
827
-61
948
320
254
-374
-518
-547
-153
418
325
380
-943
-571
-760
-845
-434
769
536
301
-208
-736
937
813
-573
-505
936
545
-543
-643
554
800
515
646
-813
-194
331
-630
971
-896
475
-411
-349
-891
-841
99
435
599
-735
649
-650
-954
268
-432
-106
26
-661
-99
341
70
126
-614
780
-772
-786
111
703
-361
488
-224
225
877
510
461
651
-877
-123
-294
320
365
668
-480
-42
855
137
597
683
105
141
591
-579
-170
500
-54
-41
-709
-376
323
763
-896
898
797
666
-277
504
-637
-166
-450
-12
-633
-454
-32
-812
519
-509
-807
-407
-214
-196
455
-760
233
828
-619
179
53
-761
602
-541
-426
-487
-223
-918
790
367
158
-896
927
322
369
766
189
-74
-305
938
785
574
252
-404
-459
-331
-446
684
564
943
-804
118
352
614
-419
-155
725
498
652
-694
-425
-292
-73
-317
-532
-338
681
-543
-840
-938
-699
-584
-610
555
799
600
-629
226
-786
502
936
-825
689
504
-217
-74
256
-292
18
238
-296
-939
69
42
-689
931
935
-598
-173
-934
-716
754
743
231
13
459
-159
29
-128
726
-720
-961
793
34
481
-283
-460
-409
668
294
-81
-50
235
633
209
-278
-735
502
26
707
376
485
-116
518
335
-850
228
105
-56
-224
-349
-461
680
-167
737
885
494
-531
635
-647
-966
-770
256
693
92
-341
-910
-276
927
655
-603
-201
-34
111
876
-578
631
557
-141
-620
-54
-522
-483
659
-692
-576
-561
351
-472
501
-582
769
-894
-637
566
-940
721
-569
-939
43
142
868
-245
519
511
-354
-985
837
-260
965
673
593
-789
-604
786
-978
803
-358
-43
-752
-126
136
922
141
-360
-817
-488
739
966
738
85
895
846
-332
-79
14
-724
-901
833
866
-647
-4
-70
-654
285
386
-558
790
-533
174
-719
-817
486
540
-374
-893
583
-259
601
-568
189
269
804
500
-450
-155
490
-634
-52
779
-166
22
396
643
-299
675
-441
5
-441
416
-984
-646
-244
236
297
-413
-55
-536
-380
674
653
724
187
-275
-346
-863
679
-687
-405
-368
290
3
210
-971
-224
-840
822
-806
-989
816
459
820
-643
798
318
-254
-477
538
-374
-618
-834
468
494
-876
954
-628
-829
-562
-193
-610
732
-44
717
747
166
-692
-914
-811
-926
-327
-465
138
-275
-463
18
992
-557
-313
704
-179
-267
666
598
-871
511
-616
669
-413
-697
195
-284
-564
-639
-770
5
-334
214
-766
508
-754
136
170
84
461
247
-739
269
156
383
734
702
241
66
-306
-796
-71
-783
279
585
-734
293
170
0
676
-492
720
-539
322
-809
516
801
-392
-312
337
-462
207
-565
-856
-174
365
363
-659
305
-281
-745
987
878
-180
177
-840
701
-39
-499
-692
693
-314
447
491
844
582
290
-894
411
442
-996
-905
821
-714
-239
-778
-691
680
-684
417
228
202
669
-766
148
-211
-549
-424
761
586
-631
-563
195
-820
37
-227
212
663
-412
946
546
125
30
-30
516
-47
27
-553
142
-225
-682
-464
-419
733
-69
412
917
-188
419
-206
-268
-541
445
-744
137
-155
308
-559
445
649
603
-695
359
-402
328
16
555
730
-377
-524
343
-161
-131
291
904
-403
-964
-129
-113
123
-670
207
-779
-293
-229
119
-665
325
-108
-37
767
796
-857
29
-862
530
-215
-944
637
226
586
399
484
133
-325
-483
896
668
4
-468
338
-651
-394
-673
580
-691
626
48
-518
424
992
680
709
-946
738
-964
-140
701
372
517
426
-788
-230
917
724
-750
629
-78
291
263
363
-429
13
-143
606
-574
591
-522
447
-174
-573
879
-916
-665
688
58
479
-746
-367
-238
-913
756
633
392
167
-356
319
412
414
619
305
-676
-801
-585
-850
-895
-659
397
570
-430
-597
-314
-445
-139
432
199
404
395
-464
-201
-365
46
-688
385
994
-533
-53
-403
692
-14
752
736
420
-818
-582
-283
-621
-528
-306
-574
106
-851
-787
-381
-997
-79
800
-492
-929
32
413
-822
-699
-287
-83
-50
-432
699
205
-390
-365
-954
20
801
958
-763
682
-335
-200
-740
323
968
-924
581
-757
-426
112
893
738
381
245
120
-700
570
754
394
957
-819
-437
-159
-589
-716
616
-303
-249
-21
10
-159
-800
608
176
-965
666
-699
683
668
890
-685
-622
258
-334
376
-546
224
755
-925
-83
-906
-692
655
-806
208
-242
775
-815
-743
374
-46
-629
-809
152
994
-755
260
557
-993
367
634
587
0
661
-762
-359
-665
-164
-113
-965
-607
-501
-452
227
-203
-132
774
-340
790
-72
515
430
-395
279
-693
50
-540
728
-690
533
-77
111
-739
-429
420
218
388
439
559
468
561
797
560
213
687
-831
-71
38
29
532
883
-800
-83
-416
-844
783
787
405
399
-245
-462
918
-902
-559
617
-630
-883
804
-96
34
276
922
-613
966
-380
871
369
161
-510
32
402
-349
274
-145
861
-971
327
218
-837
-924
-791
-955
-639
-463
612
505
204
559
89
908
-67
-257
600
-406
-335
575
142
-457
-839
353
-341
-842
-210
-633
-622
96
279
-430
-650
-698
-33
-337
870
-9
-545
-629
-613
-101
651
-6
647
-813
-352
-488
763
-194
-612
-4
-239
-257
-291
-426
678
120
-476
380
-684
570
-396
-179
311
-164
839
518
-602
750
-202
984
28
554
698
-447
317
382
-422
763
-619
466
-819
40
-565
-804
-484
-63
-226
396
808
-931
-224
-613
313
467
-501
899
-887
174
-622
838
-679
-383
62
-183
573
-682
-301
873
-964
-639
954
-916
404
519
-62
939
-412
-764
-188
537
-772
874
-863
-966
147
502
-478
-924
955
-112
486
-629
-662
51
-391
-348
641
-701
204
-950
-741
683
-548
-488
-828
-678
846
740
-813
-615
257
-261
-389
83
341
335
374
-427
-960
-99
697
819
81
-508
-707
-846
-115
-440
550
-241
106
-153
-837
-494
986
-246
-673
808
82
66
449
161
-806
926
169
290
-463
-145
443
-851
-51
902
672
639
472
-68
601
705
-793
748
-924
891
388
-803
-865
516
-122
-407
238
731
123
-410
-432
-61
32
-965
-545
163
474
-467
121
8
938
861
873
423
908
512
-310
656
679
-944
-60
962
520
899
-749
623
-559
-473
-927
560
-847
56
577
-473
154
875
880
906
-782
985
-231
844
-561
-58
4
-483
-84
-612
881
802
-62
-55
880
3
616
747
488
-266
177
-368
911
-101
-446
700
-495
486
-981
605
666
644
-341
-740
566
-234
-288
-153
-560
684
903
536
-181
-371
-726
-919
952
613
44
803
348
-182
557
158
857
448
871
196
-314
720
812
229
15
261
-271
-702
573
14
-57
-251
-461
-617
-847
-172
66
109
-978
-43
312
-627
-221
441
-368
805
833
426
-219
220
-24
-322
-744
-566
-400
-664
-885
610
120
-228
-200
116
-568
987
535
-271
852
-478
25
-200
674
552
545
-614
-837
695
-794
902
471
916
-979
-318
467
-476
-812
792
-938
204
400
487
688
882
-970
630
206
135
-845
-608
505
-152
-833
-102
737
90
273
748
-161
-462
794
362
-666
834
-54
-768
914
47
79
428
967
-554
43
684
-934
-154
-285
893
852
198
61
-253
692
-603
-956
-853
60
-605
-673
334
-950
326
928
-958
-987
243
226
33
-255
657
849
-484
344
962
666
300
-881
574
-764
-830
-331
427
-435
454
-222
-499
-17
817
-918
189
-303
-115
-344
-627
110
-204
7
-995
-330
804
-717
-286
-454
894
584
-136
710
817
-296
-374
-330
-313
-612
33
91
-18
618
410
191
602
985
519
-621
375
-782
423
-729
-131
599
-921
-262
-822
-640
536
611
49
770
-699
-854
-508
380
210
-488
-792
268
16
-489
-168
-431
-564
-644
394
-93
-605
592
-361
623
479
741
385
-226
64
962
-499
853
731
-733
320
285
-805
-396
-480
567
677
-383
-951
153
-459
21
568
-266
702
934
-470
584
381
-634
-112
659
-500
719
191
-761
191
-761
-556
-160
129
277
934
-424
999
-271
-607
-266
-59
627
-790
-906
877
274
-425
-325
-621
837
264
603
-508
695
298
-399
838
-89
970
742
334
923
-236
653
-829
547
-991
722
-657
-65
332
363
915
-42
-604
868
885
-830
-25
-71
48
-310
-550
572
729
368
-252
-301
-964
183
-333
-378
-303
909
-166
77
694
636
-720
54
794
-772
-265
954
862
807
624
465
-522
-644
137
497
866
732
-799
-22
135
-931
916
-329
677
-989
-6
-125
-400
-407
290
210
313
821
-963
-29
320
-102
734
342
-35
-695
97
812
793
956
168
455
254
501
-991
-997
-629
-373
681
780
-164
375
658
-802
-486
-611
-359
-756
450
-837
-227
156
665
-643
639
-90
812
-198
-110
-440
620
-432
-263
689
-441
770
126
-765
867
-346
287
745
-376
401
77
373
746
574
-704
707
33
-197
-466
-78
-729
324
-596
194
-490
851
-948
804
384
-485
980
-602
-974
696
449
614
104
-678
-214
81
-380
854
914
346
420
165
804
921
-527
-108
169
872
-107
975
651
738
872
-870
-588
-544
581
-324
923
268
873
410
437
-63
-937
-280
541
-487
-749
941
-824
870
699
-135
608
-186
-837
22
277
170
343
860
-409
-963
664
-557
-434
247
760
777
790
-760
439
-313
-294
-866
762
-659
613
333
420
-661
65
-513
-767
466
147
961
394
-766
306
487
935
-682
-277
-279
154
-63
-655
654
-572
-582
-867
31
-350
-453
640
-830
171
-409
-1
296
-866
710
-422
683
-798
-464
-821
-283
-474
-194
856
-674
-7
926
278
-311
-83
217
518
-127
-73
797
-117
416
-405
-546
-546
-687
-106
-980
254
722
-487
-810
-244
825
408
438
-261
-414
205
-5
-575
340
274
308
-341
-891
298
588
792
-225
-606
-168
376
-151
-65
772
716
531
-422
-853
747
-480
-402
-331
-559
230
-773
45
-222
800
-393
970
-204
-541
507
-134
502
692
-455
-303
710
-524
136
849
-620
751
700
-384
-649
-807
746
910
-357
443
672
543
686
-424
767
-854
-578
116
575
-572
-973
-420
-733
948
-145
-904
-387
-394
370
-717
843
588
-753
563
-542
-386
162
-863
727
962
397
-499
-438
527
496
697
-969
-308
835
-106
543
673
-254
-254
166
-294
-534
-488
-495
564
-5
-381
-828
-957
570
-560
-640
-523
-817
-96
180
-542
-968
-659
-687
-406
-254
-705
-195
-998
95
-821
600
666
652
-914
-999
-108
-717
578
393
748
915
547
-282
-830
321
565
-53
728
-639
81
230
-854
934
-41
781
-91
659
-348
-911
-707
-534
880
930
-821
-643
502
-118
729
-175
214
339
646
-853
698
-88
-714
334
130
-217
273
-741
-626
718
-483
775
698
-343
-514
-602
493
-198
726
863
205
-601
-741
-264
-662
-875
257
555
-530
-196
608
438
-439
-946
-918
664
-664
236
-743
-613
-831
925
305
-638
6
-23
-899
-880
-859
751
296
710
-357
-106
-208
-165
-715
-393
358
144
-423
922
-876
509
935
234
184
698
74
330
960
381
-464
710
-904
-930
796
988
474
717
68
837
703
-665
-405
535
741
-341
-149
303
459
-744
788
632
188
-139
-100
504
-334
311
-140
-892
344
-97
844
941
-407
-667
-539
336
128
-262
-757
807
-276
-197
-139
475
244
931
-604
-738
310
993
313
-790
-999
240
995
-187
667
88
823
39
412
-432
750
-704
543
710
-245
291
354
-244
554
-699
478
-575
621
507
136
-153
-72
673
-590
778
637
-802
375
10
-252
224
876
785
419
803
-487
995
157
-643
-221
129
359
-891
660
275
-366
-363
-43
-312
-597
15
364
654
838
-668
-598
692
146
-280
237
677
-229
863
-389
-328
47
218
-316
-429
-791
-539
593
552
-624
846
141
-465
-311
395
20
-876
-978
248
-95
281
-460
791
441
-736
-148
-351
-239
-16
352
891
-898
893
598
-534
199
21
-637
697
-986
-839
-785
129
388
-206
31
266
-911
818
-514
-880
431
-636
-605
814
77
-129
428
-758
200
-792
425
225
892
185
911
-184
-105
-901
950
-613
802
-145
665
-714
311
-257
-662
53
-374
-604
528
-615
826
-444
-54
-734
-116
-478
195
520
-163
901
283
-118
789
-922
-851
958
-336
-663
-822
-145
397
706
90
526
408
-116
563
514
157
-26
362
-345
-375
751
953
-18
-51
-649
-286
-701
402
-259
-32
492
467
333
-720
416
-575
35
-675
366
-388
-294
-238
354
993
925
-447
-152
600
148
-508
141
535
809
-68
-388
130
758
414
107
-614
-703
-312
-206
-69
-854
-530
-833
-694
869
578
-699
262
821
643
142
939
145
-398
818
403
-938
173
92
-75
-480
-726
496
607
-650
-399
-373
475
473
913
403
346
-973
-915
576
-4
534
-327
702
-337
137
427
-240
869
-557
924
-330
-132
-801
-276
236
945
-835
167
-357
-301
-207
483
334
282
-98
287
70
-741
-786
-951
-108
717
-279
887
518
-885
777
-953
-561
486
-265
685
866
-311
130
212
-838
-618
219
-900
-550
-134
-61
575
-189
-207
-193
966
769
598
-990
892
813
834
-222
-615
-326
384
-117
-968
-698
-694
-206
598
-700
-821
-463
-496
101
-34
170
-831
-453
-656
784
-112
923
102
143
162
-738
588
655
-67
669
399
704
418
-832
-940
32
791
267
-998
-419
443
-922
480
-393
385
-432
-571
-207
466
-92
-568
-831
447
734
237
781
986
-112
-796
828
509
933
517
623
-448
-993
-584
-883
30
-997
-417
860
-47
16
464
-372
-121
-630
-903
957
164
-342
770
44
815
860
-376
429
349
682
735
38
871
-787
-837
509
-359
-686
872
-422
362
125
-394
333
-231
-322
739
-920
533
497
30
-967
9
593
-38
-23
621
775
689
228
-449
-328
540
980
978
723
847
-433
822
872
768
974
142
500
61
742
860
-467
146
-613
161
-911
-73
-1000
781
183
-247
790
697
487
779
-309
-639
106
-485
650
357
-919
160
985
-860
-600
726
-258
-586
-713
686
663
-559
-274
280
534
-840
-466
-811
-736
800
469
572
-677
690
-848
445
-678
-267
446
-159
917
-500
88
438
804
808
-223
-217
-249
20
53
526
505
987
518
195
-619
-298
140
-568
864
627
17
-451
-237
-173
5
576
515
439
-124
913
-221
219
72
273
-820
-509
801
311
898
-786
-352
-483
-905
-679
585
-609
-9
-601
-706
463
-395
962
-247
663
554
81
564
148
718
846
-578
-737
-487
-904
-506
922
161
-335
759
-726
-137
15
-697
747
-281
843
-40
-585
-749
429
-397
235
455
429
32
-371
-540
546
609
779
712
360
5
-154
-510
-327
961
-785
961
-433
841
674
818
723
589
-197
-41
531
-164
-242
-688
377
17
-431
-617
698
851
324
451
-750
631
-464
-998
-598
-835
901
432
-537
-162
-430
9
999
-872
-531
-92
-981
-153
132
415
-945
-968
237
-558
-619
-425
-541
-239
960
815
972
-687
640
-367
-140
725
-658
540
-925
-204
-497
831
-49
956
-437
-300
267
-527
560
-948
-241
762
-357
201
552
-115
-670
-730
-622
778
-306
-733
385
-742
-331
414
256
831
685
-898
-965
-14
-934
93
-423
-909
303
-912
-916
844
-328
-219
841
644
317
765
-643
969
913
405
-720
-326
-866
106
478
882
-877
-89
698
438
766
-766
696
-566
932
926
-861
-828
-984
114
-373
-442
-702
-11
-452
867
761
466
-327
-735
-59
-405
-200
723
873
-861
163
655
438
348
-843
146
-668
-419
612
762
366
-219
526
-551
-640
-647
564
470
-47
-40
-864
425
-889
255
-486
-474
911
146
410
117
-37
-937
228
-623
633
598
374
476
300
-410
534
600
-858
905
672
303
-412
325
-465
-562
-266
-921
-984
-901
859
-856
713
448
965
948
519
87
-369
-633
-642
967
-343
21
876
-886
-280
-827
656
-747
308
-55
-455
-426
-62
-542
364
-887
-85
-66
-998
541
-513
454
-424
-857
780
-934
215
-177
302
-157
-742
-200
514
359
-753
531
-808
2
-190
-831
-966
186
-766
-210
-262
-984
-674
885
-374
-860
716
-342
490
-608
326
-391
423
754
-88
-929
763
80
449
867
-293
-1000
850
34
45
-876
716
-782
-640
692
154
-43
-453
-521
182
69
663
71
-320
-281
-245
-263
200
-307
577
-163
-810
-533
-25
-704
430
-488
-891
-240
347
-599
-849
24
374
452
429
-880
377
-26
609
893
729
902
-583
569
-483
283
731
21
-829
431
-663
-979
82
-829
-770
-94
-448
399
-758
548
-37
983
661
-620
172
-75
922
536
702
648
215
-742
933
-290
-414
607
613
-371
419
516
-119
-587
278
183
341
419
431
870
-307
147
-221
-638
-527
985
334
-325
449
-147
600
-138
127
-653
-887
-179
-514
-440
-643
686
-524
-884
477
764
-254
-866
-617
-365
462
467
205
-570
-594
-315
-309
410
724
543
513
111
4
-6
888
380
873
815
184
-10
949
-518
-624
-146
-731
-564
180
572
-531
-893
-142
356
-703
-503
682
-912
-17
-766
936
625
186
395
730
918
-18
-816
879
-728
284
74
464
-783
-614
-769
-117
-449
726
713
-43
-907
-456
-475
770
-175
-898
377
467
78
-943
630
134
-987
457
3
-919
271
-221
-503
-316
304
398
-452
683
740
-839
554
998
-621
-775
982
177
39
139
-355
877
570
-359
681
-175
-774
587
791
-143
29
-676
621
-582
-364
-762
366
520
-95
767
-280
-867
-404
369
90
571
171
265
358
505
-445
874
-819
-964
828
-551
-82
-216
364
406
-841
299
-315
-987
75
935
996
776
-373
-926
594
-337
106
928
485
-390
816
673
-95
140
-911
-228
-703
-623
-420
-66
141
-557
291
-506
-720
-938
-291
27
-139
385
728
418
-195
7
-601
-974
861
-967
235
-241
-39
756
10
284
573
-744
-326
-880
-475
-729
-107
377
164
-984
-358
-129
-325
784
630
-841
27
830
956
-160
521
246
-113
714
-125
-280
12
11
828
78
-303
49
790
-87
428
-708
586
797
-764
-271
196
536
852
-965
-787
-197
-143
-958
-807
509
454
-536
-688
706
-979
765
766
-809
865
-701
693
877
-243
-730
92
-769
708
-646
-179
621
-61
282
720
559
231
286
-232
998
-790
789
-357
-451
580
-711
-664
-843
-763
-713
-636
-87
305
-600
-51
700
-996
813
926
913
-293
-56
-841
838
-81
-389
-500
421
503
122
-808
-350
272
125
749
933
860
-832
-890
-716
-424
-788
-193
750
-930
520
185
172
738
924
574
970
-986
17
-976
656
-79
31
430
-499
51
410
-334
574
597
-420
945
-658
253
-511
-119
-312
233
-843
-527
-762
348
-991
530
-573
-745
-410
627
-984
-147
661
-518
825
381
756
948
-681
998
270
938
738
-14
697
-609
-759
861
893
86
108
-474
61
-28
498
135
-871
-305
-679
-181
635
29
492
-404
-696
-142
450
-11
495
-455
179
245
99
761
665
543
900
959
-743
449
-32
-16
-894
-654
-400
-198
829
-793
-212
226
-609
-212
147
-74
-174
638
94
787
-592
-595
-383
-139
659
304
-633
216
71
-621
-963
-158
-790
-615
103
931
753
-165
-817
-847
-95
77
224
-396
416
-798
-172
599
-178
-820
81
555
668
545
386
205
797
-72
122
-390
-676
837
860
925
820
-973
8
125
434
-450
-266
-119
520
988
-923
-425
41
502
-142
-293
-933
865
-64
230
-244
-50
-664
764
-85
-274
-313
259
-25
185
-199
-910
252
-963
-626
-372
-70
-186
921
403
-443
993
-380
-389
-356
416
-892
-13
-109
-448
405
-304
-38
-617
-22
467
739
-3
-889
859
445
-516
522
474
432
-661
146
-544
937
723
112
74
-749
-369
-224
657
242
557
-939
-287
144
609
-396
-314
933
707
-338
-710
-800
-598
-359
575
-577
315
239
811
-766
941
364
197
474
-827
-696
-809
855
592
958
159
779
-691
-691
153
-609
-114
682
-685
970
-517
-272
-384
-928
-640
163
479
796
251
12
419
-112
-75
780
463
465
-437
752
-239
-83
-140
657
-915
162
-89
-288
-532
-796
-507
736
-43
127
-664
464
911
648
-753
-661
-638
387
-993
-840
-294
-100
-191
576
-667
913
-752
338
-948
494
467
480
139
927
-214
-892
-960
-740
-275
-887
-622
576
-805
-437
-722
329
141
242
-266
-138
-73
-831
886
476
-489
-920
785
487
-340
-398
-194
883
302
-772
-499
-928
-688
-37
555
-545
897
922
-294
-993
-17
-100
141
-741
-332
633
-210
461
-402
-368
-526
-977
143
41
849
127
-550
590
458
-820
-674
-649
427
668
320
72
-9
632
898
-688
996
546
-59
-394
982
-17
-62
-918
-841
367
-659
-742
-832
-179
-634
370
-41
-462
845
690
672
-672
-337
-304
-329
662
-366
508
340
-128
794
-406
-245
-241
-65
409
511
-850
420
300
572
551
894
-802
-141
722
-214
692
-559
511
155
-973
-785
-12
-625
-604
-989
822
585
692
-346
-900
686
-787
132
-864
886
-560
-651
183
-804
-361
-507
-653
532
915
-107
858
-430
446
-736
-377
-127
570
-52
-747
-659
-437
585
-555
92
606
-375
338
747
722
-663
667
330
-191
904
935
-424
768
263
427
828
769
-780
-8
-9
-358
-574
-874
-115
-189
236
745
-423
424
-558
-591
387
-43
882
375
-451
-906
182
778
-322
-721
-522
882
600
-905
775
523
-284
317
-970
-119
492
168
-122
-762
265
644
-40
-878
-460
415
-597
593
-272
991
494
361
-307
-177
314
49
-109
336
-685
517
-602
-890
152
-722
547
831
401
-792
-352
-623
272
-746
314
-262
37
-336
657
-614
-542
-23
-217
800
-605
-900
117
472
593
372
19
-964
651
721
-646
-798
-490
-41
525
-646
756
896
-654
-832
708
-854
-990
988
369
-870
-720
255
997
-95
-856
-119
-317
922
409
-41
526
-512
-186
494
944
452
711
460
-750
-837
-251
607
-989
-552
302
-799
999
-219
940
207
28
52
21
46
-533
504
576
74
-290
297
-578
0
541
-620
965
767
-708
122
315
659
-509
463
-65
-783
925
42
-220
253
155
523
856
-478
-229
593
34
390
673
144
-150
742
-79
622
-407
-192
-796
86
439
517
524
50
309
-479
236
-560
-733
-262
-160
993
289
-203
-974
33
327
720
-607
-191
871
272
155
-479
610
-609
762
-898
626
579
-595
918
-473
-697
-753
-161
566
-795
-590
-692
2
-750
462
-366
-199
-156
-279
-338
-284
-773
743
461
572
215
-849
742
189
-850
-401
988
-860
-765
837
263
-617
-759
-296
146
-939
84
111
479
-126
-668
477
-992
-673
129
-384
96
-859
773
-263
-863
228
-73
416
-801
53
964
993
457
-516
-27
434
-635
-933
946
-389
-25
-318
746
-178
605
685
111
-32
-662
566
85
-342
3
621
126
760
-34
-829
-576
-886
-571
132
864
42
166
112
579
671
903
-994
-326
873
-322
867
-105
674
-501
-486
426
941
744
305
937
257
716
-71
-631
-348
-328
-922
-832
443
378
655
-558
829
-725
936
-866
817
-202
981
-678
844
-45
714
932
969
-489
776
-721
931
866
-827
-133
35
81
739
-442
-368
583
37
381
-750
-203
894
-245
85
709
161
-518
-523
498
-274
929
253
259
524
272
-174
-193
-547
486
-183
889
730
279
370
-207
822
119
-956
-828
916
-914
950
735
375
268
-310
-171
-769
-181
998
-728
340
-404
-910
176
-91
-237
982
339
-750
55
-900
-737
-823
297
-723
140
-704
-183
862
246
-247
-630
167
-332
679
130
38
803
934
37
698
-970
608
880
97
292
-28
54
731
179
-242
-855
510
-687
-527
3
353
477
467
151
537
-89
-210
100
233
-462
-9
35
-338
689
-423
-127
976
832
267
-380
-200
552
675
501
-711
-758
379
-194
-875
-7
694
-41
-118
-249
-617
316
919
731
776
477
-901
585
332
9
913
-81
-319
-35
588
-221
-313
-799
895
-189
-399
-412
998
494
286
11
735
24
778
-514
64
614
945
75
399
-345
-888
-881
-499
179
284
664
-896
-544
875
-968
-259
590
-580
126
959
-447
-553
678
243
153
295
-772
-585
721
-196
-771
-777
773
638
-652
-284
155
-642
-909
-550
438
-483
-681
-584
521
-387
4
128
58
-863
587
-531
-703
-369
-517
596
-578
-370
-898
-657
-750
903
-270
-664
687
748
-88
410
538
-282
393
-266
780
3
-337
375
152
-343
-504
655
-222
762
299
-329
-773
-311
-530
-484
-675
-845
-741
-636
-172
203
201
248
524
53
873
-812
793
-525
607
-590
-611
-895
-47
-859
-743
805
713
426
-454
248
243
-535
49
-47
-643
-330
-870
73
349
664
135
36
222
53
260
-275
-845
-58
177
-536
-709
706
-354
531
-397
-134
220
-421
512
179
-312
-930
-59
445
-717
366
83
-255
61
551
-521
235
68
644
611
229
-845
200
213
89
-269
-32
-733
-324
140
837
758
659
-839
-785
965
-27
413
626
-95
389
-535
665
-635
-4
834
755
-120
-643
746
-576
533
-169
160
991
234
-588
520
616
-588
15
821
86
826
-90
494
-184
426
965
796
-637
614
988
-236
-821
594
4
-955
620
-789
-1
-445
216
-483
670
-803
805
126
-253
-899
724
-937
-48
-973
-970
-758
-357
208
573
-66
688
-155
193
17
-500
-211
-450
-705
-810
-465
655
359
308
795
-687
-856
-211
-314
-866
-24
-57
794
-692
936
96
733
858
505
911
-166
594
325
99
-349
891
336
-133
125
-449
83
882
-469
-165
-513
721
-57
-744
-79
-32
715
-848
563
812
69
19
684
-704
101
709
36
183
412
-783
-935
954
453
-766
-829
-146
496
981
-96
-19
338
936
42
814
513
-167
-658
-919
758
594
-643
-70
961
93
-930
885
160
502
-139
-608
-726
-751
-808
-839
-692
272
-588
159
832
356
-982
-676
-879
100
949
23
-194
901
160
-837
-609
653
-23
971
832
486
473
-178
-458
206
484
-499
630
603
413
63
-757
-510
-57
-198
-709
928
-642
986
-166
514
576
-612
296
918
-459
3
-147
4
498
-165
659
744
922
-780
943
-825
-433
158
-48
-742
-883
-214
607
-15
-362
388
449
-254
-83
825
-909
671
-261
-742
-501
777
975
-913
131
475
-118
-690
446
-693
-375
521
-775
766
975
873
551
490
-844
61
-106
317
-495
114
-824
882
-417
-549
951
-470
147
586
-90
730
-377
630
741
942
-648
-101
-324
-403
-887
-430
-97
-469
-93
403
191
300
116
-759
793
433
728
-913
-868
541
886
-53
-143
907
-616
928
852
629
560
-363
518
-36
760
-799
700
-259
487
-277
-598
-410
-304
-427
276
625
-323
984
-282
-636
637
614
319
942
-715
-452
-840
771
60
-436
-403
-455
106
-433
203
-432
-503
689
857
301
955
-300
-330
127
864
245
-299
139
889
-878
758
547
-568
-953
892
-402
524
138
70
-535
-600
-962
-628
107
-292
-121
-863
371
651
-796
-952
-689
-223
-521
-264
763
-54
-287
590
-934
-414
-334
-355
706
8
-896
867
715
-206
942
-471
-801
-487
-498
-993
-371
693
309
-547
812
-550
853
-866
-920
723
-995
-373
-726
-974
755
-640
976
285
-306
-510
468
-968
-67
706
78
-182
571
-42
805
-975
80
574
116
-151
746
390
-226
161
-845
354
-276
383
111
-878
607
-915
-322
-327
-709
-620
-671
542
199
-722
403
-862
193
-101
-633
-2
-1000
267
-591
669
-32
365
135
711
-822
478
-93
-413
117
-1
854
-211
359
-168
301
603
705
-186
883
395
-493
-171
664
666
593
62
52
-921
696
60
-384
-401
-277
196
30
40
-758
749
-868
-62
898
-210
-360
97
-221
-834
326
558
-207
16
-424
-228
-136
991
-864
215
538
-134
393
907
161
148
614
-147
-926
-24
-819
-533
673
858
472
484
-554
113
429
463
360
22
-558
483
909
312
-425
169
304
-237
-936
-15
88
-206
-924
297
-625
372
879
-549
-890
-784
-990
856
326
-697
195
-153
-885
415
-885
3
-422
-939
-323
-275
-627
-760
-715
716
284
116
832
373
260
-459
370
487
-764
-632
-683
-821
-903
-908
-531
-316
731
882
-103
746
294
-436
-41
269
624
-76
-782
-541
-431
-455
-512
-25
835
906
707
876
924
295
593
68
52
86
723
-919
868
323
-569
-777
-736
514
481
-393
471
-386
907
-163
-379
399
893
901
865
-772
300
579
-778
-295
633
785
79
315
-485
-826
617
83
299
679
78
615
300
-300
-545
-471
95
-890
-710
-840
592
490
-899
-637
-285
883
481
-535
314
-362
744
-398
-425
768
-721
-621
57
-634
132
836
-280
118
-159
-915
760
-967
-43
286
243
-544
-470
-942
453
652
149
-549
-20
570
496
-534
-904
-729
501
-564
-6
288
-981
-463
307
613
-361
979
517
-318
-539
-597
-280
864
754
-90
-716
736
833
961
-42
203
-34
-587
646
-221
-484
-748
-483
-138
96
-849
985
-715
-528
-310
-123
-657
-47
34
883
911
356
-519
978
690
239
610
857
-142
573
765
32
251
387
354
648
595
-166
-999
-878
-720
-530
-93
133
785
-297
-978
569
617
404
-62
-792
833
-595
-70
-262
265
201
24
650
-296
302
-734
116
-298
-520
418
-657
534
-653
742
-356
-132
948
-745
-752
376
621
775
925
238
-168
425
518
-472
-585
400
895
962
711
-915
858
-864
-751
-639
227
-527
670
579
696
-94
-24
-428
793
-554
-132
486
51
946
821
341
375
-372
-592
-181
-272
-562
-817
166
77
741
502
235
-317
-410
759
-126
739
-709
-53
-677
-595
231
-890
-396
-15
878
-567
342
552
-508
331
783
413
664
-168
325
132
-48
-822
275
387
-618
-109
820
-441
242
729
-285
862
-171
-90
-916
178
-521
-272
741
-93
364
-389
-576
-323
-733
617
931
-732
-436
855
543
768
-718
414
-583
532
-661
129
965
-110
-708
-485
401
96
568
696
136
-947
144
-608
-485
230
821
138
983
109
-111
-829
-150
-140
-393
-746
247
-702
404
357
-76
570
-146
830
-301
-77
-469
850
490
539
-736
-265
-946
-612
632
610
740
-47
-759
-230
654
-711
346
-80
-565
-967
993
-82
-405
24
-606
734
923
357
-85
626
579
-75
-955
-196
243
-556
-878
191
473
976
857
-569
-952
-978
-808
-45
-532
440
-920
903
16
917
-414
-550
-570
-213
907
414
882
-193
685
-760
793
-82
848
709
159
-977
-634
-475
619
828
-60
-122
-218
355
-800
409
-660
156
-586
-47
95
691
467
-1000
-864
-39
130
296
-740
-696
376
627
-859
724
993
579
-690
274
-205
387
733
-936
561
686
283
-941
-344
-873
-213
-792
-1
739
-53
-711
-733
-711
439
516
-293
417
785
507
142
-553
969
95
471
452
-46
-395
858
750
-448
798
-978
524
-714
-339
187
423
-202
-564
-384
777
-952
-846
-458
226
290
947
-503
191
617
14
226
285
-179
-46
398
-415
-468
10
697
558
-609
-438
-544
97
-942
-20
-930
545
-311
-944
480
-125
-767
354
-393
-196
-442
-580
429
175
608
-551
545
-185
-588
-914
-948
-467
179
210
-780
-52
854
-161
880
-853
291
-761
-164
734
297
919
-357
-936
646
956
736
507
669
-571
451
997
-904
-390
847
-222
425
23
231
662
-779
-856
-588
114
-813
870
-551
375
-488
400
198
-895
755
-899
273
-719
992
-225
371
-828
-340
-360
808
-960
-732
540
-595
-990
111
2
-665
-657
-679
-99
-650
222
104
-636
-720
234
307
398
-414
-847
854
-545
-924
-433
-452
129
-120
-274
994
926
359
111
630
40
-764
627
977
-581
-39
403
-38
314
253
730
-658
927
410
783
776
-621
-608
-912
-338
743
-836
174
300
665
870
-902
898
-181
-37
-11
697
-321
-961
474
987
-530
839
-620
-421
-29
-379
63
-607
661
-968
-796
-678
626
-543
-869
436
953
818
167
-393
-561
-355
-408
20
-771
828
-344
925
-77
831
503
612
-757
-235
-562
297
-864
-779
543
-39
-319
821
232
-742
-111
-808
-963
-239
70
535
-989
-614
824
-412
432
-217
-595
-478
114
-816
460
-832
-1
-802
-802
-680
-564
-850
870
-875
754
549
183
-643
-669
-532
338
-644
379
833
-94
-84
-52
317
-86
-990
926
-818
-122
-643
-869
-316
-72
-69
71
-52
757
140
-433
385
-225
-700
984
-486
769
390
935
-298
390
458
-658
747
-245
453
-495
-845
-591
-441
53
711
-935
10
-872
-471
-513
586
-995
-468
-643
-770
895
-404
891
-63
979
-977
-543
-120
294
553
-555
-995
-665
713
44
-695
397
-981
-635
801
355
668
299
922
-413
-526
55
-291
144
335
324
-566
500
-241
-184
-403
926
8
-49
732
-722
501
961
-951
-698
-658
-69
-452
-645
-383
-532
919
-26
-265
333
-374
-652
953
857
722
504
-552
305
-76
-249
924
348
52
-255
439
420
-725
-679
152
-695
-727
904
446
455
80
419
953
-945
-486
614
-100
-1
489
675
-190
700
-528
-134
-611
218
402
255
812
356
-224
-198
-990
247
183
-600
-225
471
-6
-885
-138
11
-123
-892
219
808
-616
753
-348
-48
597
94
560
835
884
467
-319
-183
-875
-537
-850
-292
671
887
887
-916
124
-126
92
-934
-230
-335
-502
-808
-914
694
511
78
-430
-809
-818
-845
-684
-27
74
195
298
-552
-28
-787
512
697
-890
919
438
806
25
609
-787
-886
-184
-111
-590
-193
253
-946
973
577
-876
356
-605
857
630
275
494
456
-797
369
2
-956
708
-407
-530
-19
818
-169
53
-693
-865
450
-462
902
-832
-181
-436
191
622
981
-602
-449
811
570
-70
749
-114
551
-477
-395
-871
202
158
270
-168
254
-197
-904
855
-65
-903
1
-430
512
-862
-263
567
732
-610
29
62
349
228
-910
380
-7
-242
-82
-166
948
-260
847
-906
-473
104
374
261
810
-545
-333
-971
371
-241
189
-625
928
61
-25
-720
726
-636
856
939
-878
506
-30
-56
-159
-528
693
-11
-498
209
-602
-37
304
204
-992
-94
-408
-62
-109
561
-574
-268
-381
-999
142
-550
307
541
-772
408
805
-310
466
-161
-601
-643
-201
889
-213
982
985
710
-368
692
500
-733
-848
955
-445
-156
-839
-788
-989
-153
-904
-969
296
287
-928
680
100
999
562
-906
664
-884
414
348
299
-769
112
430
-75
969
-212
-317
-437
988
-101
-156
593
97
657
-42
-733
399
531
340
-935
972
375
-359
837
42
377
459
-529
-600
-727
22
-264
-764
-862
898
-265
857
197
-916
857
852
984
74
415
102
1
839
27
96
-647
-49
86
-956
-127
-983
401
-995
463
21
-629
798
-66
-365
925
-300
-673
488
-923
-727
-495
51
123
284
-366
789
593
-634
515
999
423
297
-320
958
-912
-241
409
325
-655
657
6
-260
945
-937
-106
913
127
631
-961
-830
487
859
809
157
591
-48
-113
71
-713
127
263
-760
-479
-342
-427
661
-364
-251
418
776
-260
-169
820
-674
709
948
337
-752
896
-330
135
-428
941
-672
716
-512
-871
-46
373
-317
-735
-581
-416
698
-34
361
165
-736
-430
-314
-404
488
-276
835
922
896
514
442
723
909
-421
-986
472
-386
40
-473
510
-764
504
610
-945
-706
-393
873
-528
980
-101
-599
-223
-648
-134
742
-614
-625
434
499
380
511
-21
898
-164
174
-789
616
-837
302
-759
648
-454
100
316
980
-913
122
-592
-616
-633
85
56
199
872
-635
668
182
22
-888
-607
-474
-828
402
-741
544
-878
-123
-709
147
598
-21
-166
-908
-664
424
-748
-15
638
709
571
121
595
-417
765
605
981
190
-2
-625
-222
-428
699
193
-222
885
-219
916
-740
-62
640
476
-657
924
-579
-38
-535
-592
-57
-884
61
922
359
833
-90
873
-316
-478
-393
516
877
-974
363
130
-968
897
-336
-351
282
637
-771
-134
-552
-360
-790
-891
34
308
-869
191
-577
266
151
923
-869
-161
-789
889
-148
191
-350
-360
974
185
575
-549
702
-426
633
412
-495
112
732
-681
-584
827
802
-424
-823
-791
-254
-214
844
318
-167
845
-282
-262
823
-670
435
-833
225
131
388
789
533
-14
-390
-559
512
-67
-327
858
-239
71
-967
-853
-669
-909
353
-503
879
-116
-10
114
-162
429
-85
-500
68
237
67
-889
378
261
-552
-238
-937
-706
255
458
874
-898
874
-762
-774
922
824
-811
118
404
936
26
-777
863
-432
657
661
637
797
-488
-827
-910
713
-40
848
842
-109
557
-614
754
-867
995
760
923
-868
247
553
-779
-260
-383
-51
-811
420
-352
-615
783
644
-465
-631
-313
-739
-157
-311
-123
-825
277
489
487
-519
-765
850
-373
-635
-112
-411
206
602
438
947
774
662
297
-306
711
-36
-278
127
-692
-362
-698
-373
749
-972
-273
753
931
-708
856
-655
260
315
-848
-751
724
-895
36
-952
577
899
990
-416
82
283
485
-422
836
342
225
-871
359
-557
-876
-801
220
-587
165
409
-752
-185
289
443
56
297
-609
422
-294
-895
424
-412
-196
-571
821
-882
-98
-958
898
292
-189
762
113
1
-826
-264
-104
-313
-390
-924
899
-625
-9
-915
786
95
-357
-199
816
-669
-974
42
-107
922
-547
-95
928
471
-382
486
-195
-301
-742
-804
573
737
271
664
512
-699
964
391
585
-415
-566
359
772
394
166
-168
340
-162
279
347
372
-703
-832
-241
196
164
-145
-947
-532
97
-400
197
-121
-871
-565
-89
-82
-782
648
184
-920
-105
-80
-575
-728
865
-755
-380
-564
302
-811
-572
-999
-882
453
846
-157
-587
-16
-96
776
-241
-436
-754
6
-108
343
317
178
-216
-820
977
-278
-773
399
-266
5
-927
-961
-841
-454
830
-810
353
-14
-372
-453
885
-41
780
214
224
400
-953
153
400
-330
-111
576
270
-18
680
-751
595
-115
623
988
-479
-599
201
-66
603
-779
-888
-469
247
171
39
523
151
-882
-34
268
-988
794
827
-805
539
987
-736
-673
-182
196
-193
489
989
-390
787
-48
-439
-881
-942
89
-384
294
673
389
780
-993
608
64
583
617
582
465
-819
904
-984
264
781
-842
283
177
-955
-875
-70
343
855
283
987
-137
-741
-304
474
512
866
-413
-912
-776
465
72
-668
930
250
290
-167
-706
598
82
758
-61
-319
267
695
-277
124
-961
669
-811
-43
-352
-588
337
-721
402
702
-775
-641
137
544
456
-497
-162
397
475
-97
134
402
19
244
-429
715
645
364
-640
195
-740
535
56
184
-717
786
125
939
815
590
501
483
773
35
919
819
293
463
123
124
977
983
-85
909
-715
63
-35
-698
612
840
915
204
-171
-708
-134
548
-994
-51
-627
-267
195
756
-339
-658
-32
242
-985
-826
243
-128
-657
862
802
-988
-212
569
343
660
-328
-666
-20
10
811
112
221
-879
862
-86
260
-833
-775
621
796
-660
-988
837
744
-336
-408
189
-562
218
-500
-537
-106
860
653
248
963
-109
247
549
932
-417
-663
900
502
620
-11
423
540
375
-649
-760
-932
-621
55
-405
44
44
-999
705
-825
505
441
382
156
502
825
-863
710
194
-235
766
829
-277
-691
-594
423
-189
-96
493
864
-784
606
-365
23
295
270
932
-550
275
-254
722
-2
180
-988
-271
-274
-214
-959
876
-723
748
-976
249
-601
-506
-808
-644
195
946
-506
-877
-480
633
-109
-927
232
-831
494
-639
-109
-297
-825
104
477
36
-331
736
555
-466
-388
-233
5
-246
-367
80
-200
-751
-111
570
-30
-157
902
91
-363
-895
801
-966
662
-875
-471
-393
-482
928
-438
-903
911
-729
181
398
210
414
-369
44
978
-76
-715
14
71
-902
603
-729
-780
860
-627
-530
-567
950
856
970
-511
577
676
347
-725
-599
999
160
569
429
-773
76
173
100
-223
-844
48
-544
428
-118
878
2
963
767
969
-817
-133
-13
552
52
562
-69
-263
676
-710
753
973
637
-149
-682
390
420
730
368
-886
981
-340
502
-373
519
592
50
-665
935
139
-672
803
720
992
770
-881
-347
210
-726
296
645
509
-927
-187
-786
-983
-460
11
-445
-366
498
-116
234
-712
-579
-774
-370
-519
231
304
966
799
-510
758
767
999
-91
368
931
-491
112
434
-679
859
182
-742
-655
-954
188
120
419
-472
-306
368
-376
804
989
71
-630
407
905
-403
283
-110
168
344
944
-56
-945
-931
-878
-184
-220
851
-696
57
102
69
235
-940
805
-489
809
-382
-932
792
-303
313
612
-52
24
222
501
-388
-638
667
-537
-327
150
958
271
-15
-572
398
-705
-668
911
914
531
219
-687
-307
-50
-925
-355
263
-170
76
243
524
-591
-851
-139
-219
536
-675
104
259
-881
583
412
-511
-914
170
-57
64
647
-983
-382
710
584
58
-327
652
209
-105
-459
272
-314
-18
538
675
-143
-144
-201
-932
351
884
778
69
581
-611
567
161
35
16
-861
854
-562
-872
-93
-622
593
585
175
762
258
-853
-493
414
921
-914
314
704
-334
-568
136
-361
-452
908
553
-426
459
-225
744
177
256
884
999
125
-817
-822
-257
-997
-891
-433
-246
907
651
-589
667
108
70
732
-462
935
926
680
174
654
284
-325
-115
980
-354
521
417
560
-673
942
-304
-217
-307
876
800
-655
505
435
879
975
79
706
-676
353
-483
243
990
195
-324
-547
-320
504
-495
109
940
-866
-562
-724
-653
995
32
-435
-373
-699
267
-931
-368
269
665
318
-326
283
-764
123
62
970
-690
332
868
63
862
702
156
265
-870
602
331
-474
-73
905
-305
660
258
900
-662
648
640
-867
865
-80
-978
-128
531
52
-481
-73
44
-591
-320
-833
-743
739
-194
948
-414
885
216
581
-498
416
925
574
729
531
907
-975
170
185
872
933
-418
801
-718
675
-313
-865
292
569
505
-937
517
579
-430
652
616
-127
-882
891
-695
710
-738
319
-186
-984
-240
-129
-539
-912
223
-254
977
-91
31
499
-272
-887
787
-111
-11
-968
726
432
-874
998
787
-378
474
417
121
-706
-649
-547
277
270
-920
-683
-246
299
-151
-326
-577
-327
211
-939
-970
574
-425
-523
-305
560
88
-547
471
838
-986
-390
-475
995
290
-276
336
454
-96
-476
306
541
268
-808
604
-307
216
-461
400
680
-501
824
-557
-361
846
-974
115
92
-666
-806
-381
623
212
637
-427
139
-978
-329
984
438
-881
754
557
543
880
560
-961
687
-238
-119
254
846
484
-616
52
451
-937
601
-228
496
-275
-210
35
-304
714
547
600
-64
-875
2
980
70
11
-839
980
-675
894
-264
-212
-654
24
185
808
60
-146
965
594
-961
504
861
334
977
909
-563
-597
-3
909
76
-345
261
-151
-263
629
594
865
-452
-268
-937
-540
-360
-865
231
316
522
-100
-430
638
-986
-272
121
-165
53
-177
830
263
431
531
626
-906
-792
-76
-325
730
-686
-730
555
-628
-312
164
-763
578
490
566
-568
716
-802
819
-766
-806
398
-57
-150
-878
-727
50
930
-452
58
690
-359
961
829
-767
357
-31
995
161
-657
13
-621
918
-412
-990
742
-911
-762
-565
-193
-68
-563
-754
-472
202
318
-242
-164
-689
-694
555
-744
-285
-874
612
734
285
-270
381
658
68
-944
-991
-420
-362
24
143
790
-304
376
315
124
-77
716
515
987
-319
206
-383
-2
390
-923
-132
-569
-153
151
505
511
2
588
235
609
135
645
910
-746
-455
146
653
811
278
-425
182
688
-527
-201
39
-328
157
-529
398
937
-673
236
571
-926
-371
-170
747
-625
-640
-694
-742
536
-867
-508
335
574
435
707
173
-747
-257
-467
-47
368
114
-381
874
-702
-376
-121
-820
-936
-239
-778
902
887
498
-89
-120
-163
544
-622
-554
-707
-684
-120
604
-899
-435
405
257
244
268
694
899
306
839
-511
17
-948
591
681
472
-163
-227
20
-137
-942
841
909
938
298
586
-298
715
-577
-352
-118
162
-137
21
753
30
-337
570
-423
12
733
-523
-840
-825
315
-758
-104
-20
-622
46
472
-381
-272
-436
787
35
-285
63
-461
-161
-687
705
-864
-391
653
-102
327
-892
363
-178
-353
517
-107
-816
-40
863
-872
-633
-583
668
-906
734
-307
-978
-279
-708
137
-718
-496
-852
541
842
-157
-23
-482
734
341
449
102
732
-85
-799
-926
300
-484
611
106
214
555
391
145
-719
908
112
-938
-751
129
843
746
969
720
246
-702
-765
918
-390
-946
-494
-304
-706
-607
-255
-960
250
-193
-346
396
282
-1000
-703
-168
-608
-175
-831
21
256
-219
-172
-657
499
-145
296
895
-794
-108
-302
949
844
-770
-535
843
699
245
-75
-182
-670
-429
529
8
-791
649
327
-332
-673
-815
-429
66
-327
-592
475
686
-146
-506
261
431
88
-691
832
808
-957
420
473
609
965
-74
306
-381
-672
-357
-816
-554
810
989
-639
605
-190
-359
-663
464
526
